# Moon ELP (Meeus Ch.47). Source: commenthol/astronomia (MIT). @copyright 2013 Sonia Keys / 2016 commenthol
# format: <L|B> <d> <m> <mprime> <f> <c1> <c2>   L: c1=SigmaL c2=SigmaR | B: c1=SigmaB c2=0
L 0 0 1 0 6288774 -20905355
L 2 0 -1 0 1274027 -3699111
L 2 0 0 0 658314 -2955968
L 0 0 2 0 213618 -569925
L 0 1 0 0 -185116 48888
L 0 0 0 2 -114332 -3149
L 2 0 -2 0 58793 246158
L 2 -1 -1 0 57066 -152138
L 2 0 1 0 53322 -170733
L 2 -1 0 0 45758 -204586
L 0 1 -1 0 -40923 -129620
L 1 0 0 0 -34720 108743
L 0 1 1 0 -30383 104755
L 2 0 0 -2 15327 10321
L 0 0 1 2 -12528 0
L 0 0 1 -2 10980 79661
L 4 0 -1 0 10675 -34782
L 0 0 3 0 10034 -23210
L 4 0 -2 0 8548 -21636
L 2 1 -1 0 -7888 24208
L 2 1 0 0 -6766 30824
L 1 0 -1 0 -5163 -8379
L 1 1 0 0 4987 -16675
L 2 -1 1 0 4036 -12831
L 2 0 2 0 3994 -10445
L 4 0 0 0 3861 -11650
L 2 0 -3 0 3665 14403
L 0 1 -2 0 -2689 -7003
L 2 0 -1 2 -2602 0
L 2 -1 -2 0 2390 10056
L 1 0 1 0 -2348 6322
L 2 -2 0 0 2236 -9884
L 0 1 2 0 -2120 5751
L 0 2 0 0 -2069 0
L 2 -2 -1 0 2048 -4950
L 2 0 1 -2 -1773 4130
L 2 0 0 2 -1595 0
L 4 -1 -1 0 1215 -3958
L 0 0 2 2 -1110 0
L 3 0 -1 0 -892 3258
L 2 1 1 0 -810 2616
L 4 -1 -2 0 759 -1897
L 0 2 -1 0 -713 -2117
L 2 2 -1 0 -700 2354
L 2 1 -2 0 691 0
L 2 -1 0 -2 596 0
L 4 0 1 0 549 -1423
L 0 0 4 0 537 -1117
L 4 -1 0 0 520 -1571
L 1 0 -2 0 -487 -1739
L 2 1 0 -2 -399 0
L 0 0 2 -2 -381 -4421
L 1 1 1 0 351 0
L 3 0 -2 0 -340 0
L 4 0 -3 0 330 0
L 2 -1 2 0 327 0
L 0 2 1 0 -323 1165
L 1 1 -1 0 299 0
L 2 0 3 0 294 0
L 2 0 -1 -2 0 8752
B 0 0 0 1 5128122 0
B 0 0 1 1 280602 0
B 0 0 1 -1 277693 0
B 2 0 0 -1 173237 0
B 2 0 -1 1 55413 0
B 2 0 -1 -1 46271 0
B 2 0 0 1 32573 0
B 0 0 2 1 17198 0
B 2 0 1 -1 9266 0
B 0 0 2 -1 8822 0
B 2 -1 0 -1 8216 0
B 2 0 -2 -1 4324 0
B 2 0 1 1 4200 0
B 2 1 0 -1 -3359 0
B 2 -1 -1 1 2463 0
B 2 -1 0 1 2211 0
B 2 -1 -1 -1 2065 0
B 0 1 -1 -1 -1870 0
B 4 0 -1 -1 1828 0
B 0 1 0 1 -1794 0
B 0 0 0 3 -1749 0
B 0 1 -1 1 -1565 0
B 1 0 0 1 -1491 0
B 0 1 1 1 -1475 0
B 0 1 1 -1 -1410 0
B 0 1 0 -1 -1344 0
B 1 0 0 -1 -1335 0
B 0 0 3 1 1107 0
B 4 0 0 -1 1021 0
B 4 0 -1 1 833 0
B 0 0 1 -3 777 0
B 4 0 -2 1 671 0
B 2 0 0 -3 607 0
B 2 0 2 -1 596 0
B 2 -1 1 -1 491 0
B 2 0 -2 1 -451 0
B 0 0 3 -1 439 0
B 2 0 2 1 422 0
B 2 0 -3 -1 421 0
B 2 1 -1 1 -366 0
B 2 1 0 1 -351 0
B 4 0 0 1 331 0
B 2 -1 1 1 315 0
B 2 -2 0 -1 302 0
B 0 0 1 3 -283 0
B 2 1 1 -1 -229 0
B 1 1 0 -1 223 0
B 1 1 0 1 223 0
B 0 1 -2 -1 -220 0
B 2 1 -1 -1 -220 0
B 1 0 1 1 -185 0
B 2 -1 -2 -1 181 0
B 0 1 2 1 -177 0
B 4 0 -2 -1 176 0
B 4 -1 -1 -1 166 0
B 1 0 1 -1 -164 0
B 4 0 1 -1 132 0
B 1 0 -1 -1 -119 0
B 4 -1 0 -1 115 0
B 2 -2 0 1 107 0
